0,1,0.48
0,2,0.31
0,3,0.38
0,4,0.31
1,1,0.17
1,3,0.22
2,0,0.38
2,1,0.54
2,2,0.20
2,3,0.30
3,1,0.47
3,2,0.30
3,3,0.05
3,4,0.45
4,0,0.53
4,2,0.27
4,3,0.49
4,4,0.08
5,0,0.25
5,2,0.54
5,3,0.16
6,0,0.55
6,1,0.23
6,4,0.44
7,1,0.28
7,2,0.21
7,3,0.50
8,1,0.59
8,2,0.29
8,4,0.54
9,0,0.10
9,1,0.40
9,2,0.56
9,3,0.25
10,0,0.49
10,3,0.42
11,2,0.40
11,3,0.06
12,0,0.05
12,1,0.22
12,4,0.45
13,0,0.40
13,1,0.31
13,3,0.44
15,2,0.21
15,3,0.08
16,0,0.53
16,1,0.45
16,3,0.52
17,0,0.26
17,1,0.09
17,2,0.12
17,3,0.54
17,4,0.16
18,0,0.55
18,1,0.56
18,3,0.22
18,4,0.28
19,0,0.46
19,1,0.50
19,2,0.31
19,3,0.31
19,4,0.03
20,0,0.39
20,1,0.14
20,3,0.12
20,4,0.10
21,0,0.52
21,2,0.17
22,1,0.51
22,2,0.56
22,3,0.34
22,4,0.24
23,0,0.41
23,3,0.42
23,4,0.34
24,0,0.16
24,1,0.17
24,2,0.10
24,3,0.12
24,4,0.12
25,2,0.29
25,3,0.10
25,4,0.35
26,3,0.27
26,4,0.31
27,1,0.15
27,2,0.09
27,4,0.22
28,1,0.12
28,2,0.52
28,3,0.26
28,4,0.07
29,0,0.08
29,1,0.46
29,4,0.09
30,0,0.05
30,2,0.06
30,3,0.12
30,4,0.12
31,0,0.14
31,1,0.22
31,2,0.08
31,3,0.06
31,4,0.50
32,2,0.23
32,3,0.16
33,0,0.08
33,2,0.29
33,3,0.01
34,1,0.01
34,2,0.49
34,3,0.20
35,0,0.42
35,1,0.09
35,3,0.09
36,0,0.34
36,1,0.35
36,3,0.26
37,1,0.01
37,2,0.02
38,0,0.15
38,2,0.37
38,3,0.55
38,4,0.34
39,3,0.58
39,4,0.30
40,0,0.03
40,1,0.32
40,3,0.18
40,4,0.15
41,0,0.06
41,2,0.35
41,3,0.39
41,4,0.24
42,2,0.46
42,4,0.38
43,0,0.46
43,3,0.12
44,0,0.02
44,1,0.21
44,2,0.33
44,3,0.56
44,4,0.46
45,1,0.50
45,2,0.04
45,4,0.57
46,1,0.56
46,3,0.10
46,4,0.22
47,0,0.43
47,1,0.38
47,3,0.23
48,0,0.50
48,2,0.47
48,3,0.06
48,4,0.40
49,0,0.54
49,1,0.23
51,1,0.55
51,3,0.26
52,1,0.57
52,4,0.14
53,0,0.44
53,2,0.06
53,3,0.41
53,4,0.46
54,0,0.31
54,1,0.06
54,3,0.05
54,4,0.50
55,0,0.27
55,2,0.30
55,3,0.39
55,4,0.57
56,0,0.21
56,3,0.50
57,0,0.48
57,1,0.24
57,2,0.25
57,4,0.09
59,1,0.20
59,3,0.20
60,0,0.12
60,1,0.57
60,2,0.38
60,3,0.32
60,4,0.02
61,3,0.37
61,4,0.53
62,0,0.16
62,1,0.29
62,2,0.48
63,0,0.02
63,2,0.06
63,3,0.06
64,1,0.31
64,2,0.10
64,3,0.54
64,4,0.11
65,0,0.48
65,2,0.54
65,4,0.02
66,0,0.07
66,1,0.57
66,3,0.39
66,4,0.28
67,1,0.24
67,2,0.39
67,4,0.13
68,0,0.07
68,1,0.09
68,2,0.51
68,3,0.31
69,1,0.44
69,2,0.59
69,3,0.58
70,2,0.15
71,0,0.17
71,1,0.35
71,2,0.45
72,0,0.37
72,2,0.38
72,3,0.17
73,0,0.24
73,3,0.54
73,4,0.22
74,0,0.30
74,3,0.10
74,4,0.48
75,0,0.15
75,2,0.25
75,3,0.59
76,0,0.50
76,1,0.31
76,3,0.40
76,4,0.57
77,0,0.05
77,3,0.16
77,4,0.08
78,1,0.41
78,2,0.29
79,1,0.59
79,3,0.26
79,4,0.05
80,0,0.19
80,3,0.29
80,4,0.07
81,0,0.01
81,2,0.19
81,4,0.37
82,3,0.06
82,4,0.22
83,1,0.46
83,3,0.53
83,4,0.28
84,1,0.11
84,2,0.23
84,4,0.03
85,0,0.50
85,1,0.16
85,4,0.42
86,1,0.14
86,2,0.38
86,3,0.30
86,4,0.12
87,0,0.44
87,1,0.43
87,2,0.49
87,3,0.48
87,4,0.19
88,1,0.32
88,2,0.13
88,3,0.21
88,4,0.49
89,1,0.16
89,2,0.59
90,0,0.42
90,1,0.50
90,2,0.37
91,1,0.28
91,2,0.33
91,3,0.53
91,4,0.39
92,0,0.21
92,1,0.07
93,0,0.02
93,1,0.47
93,2,0.45
93,3,0.26
94,0,0.27
94,1,0.51
94,2,0.32
94,3,0.24
94,4,0.03
95,1,0.23
95,2,0.53
95,3,0.32
96,0,0.41
96,1,0.03
96,3,0.38
97,4,0.38
98,0,0.37
98,1,0.22
98,2,0.56
98,3,0.12
98,4,0.12
99,2,0.17
99,3,0.58
99,4,0.51
100,0,0.22
100,2,0.16
100,3,0.25
100,4,0.21
101,0,0.40
101,1,0.24
101,2,0.42
102,0,0.30
102,1,0.09
102,2,0.24
103,0,0.06
103,1,0.25
104,0,0.42
104,2,0.11
104,3,0.39
105,0,0.45
105,1,0.42
105,2,0.50
105,3,0.48
106,0,0.22
106,1,0.04
106,2,0.11
106,3,0.55
106,4,0.11
107,2,0.37
107,3,0.33
108,0,0.06
108,2,0.31
108,3,0.42
109,0,0.28
109,1,0.46
109,3,0.23
109,4,0.42
110,1,0.35
110,3,0.54
110,4,0.07
111,0,0.16
111,1,0.33
111,2,0.29
111,3,0.21
112,4,0.14
113,2,0.18
113,3,0.14
113,4,0.43
114,0,0.59
114,1,0.28
114,2,0.43
114,3,0.41
114,4,0.33
115,0,0.32
115,1,0.12
115,4,0.19
116,0,0.49
116,1,0.17
116,2,0.33
116,3,0.33
116,4,0.33
117,2,0.15
118,2,0.39
118,3,0.25
118,4,0.22
119,0,0.51
119,1,0.39
119,2,0.18
119,4,0.42
120,0,0.01
120,1,0.54
120,3,0.14
121,0,0.05
121,1,0.23
121,4,0.12
122,2,0.13
122,3,0.11
122,4,0.26
123,0,0.26
123,1,0.04
123,4,0.27
125,0,0.27
125,1,0.01
125,2,0.43
126,0,0.35
126,1,0.33
126,2,0.43
126,3,0.28
127,0,0.36
127,1,0.08
127,3,0.43
127,4,0.23
128,1,0.54
128,3,0.13
128,4,0.57
129,0,0.51
129,2,0.26
129,3,0.56
129,4,0.22
130,0,0.22
130,2,0.57
130,3,0.09
130,4,0.36
131,0,0.12
131,1,0.21
131,2,0.25
131,3,0.16
132,0,0.42
132,2,0.53
132,3,0.33
132,4,0.46
133,1,0.37
133,3,0.55
134,0,0.24
134,3,0.44
134,4,0.21
135,2,0.32
135,3,0.34
136,0,0.10
136,2,0.58
136,4,0.51
137,0,0.11
137,1,0.48
137,2,0.45
138,0,0.14
138,1,0.08
138,3,0.28
139,1,0.21
139,4,0.10
140,0,0.05
140,1,0.39
140,3,0.15
141,0,0.04
142,0,0.35
142,1,0.25
142,2,0.12
142,3,0.11
142,4,0.30
143,1,0.19
143,2,0.46
143,4,0.31
144,0,0.30
144,1,0.46
144,2,0.41
144,3,0.53
144,4,0.46
145,0,0.41
145,1,0.54
145,4,0.33
146,0,0.04
146,3,0.55
146,4,0.26
147,0,0.48
147,2,0.02
147,3,0.04
148,0,0.13
148,1,0.12
148,2,0.35
148,3,0.43
148,4,0.09
149,0,0.31
149,3,0.38
149,4,0.35
150,0,0.45
150,1,0.24
150,3,0.04
151,0,0.16
151,2,0.28
151,3,0.18
152,0,0.38
152,2,0.49
153,2,0.20
153,3,0.18
153,4,0.06
154,0,0.36
154,1,0.45
155,1,0.59
155,4,0.27
156,0,0.14
156,1,0.50
156,2,0.05
156,3,0.35
156,4,0.35
157,0,0.08
157,2,0.28
157,4,0.19
158,1,0.56
158,2,0.50
158,4,0.44
159,0,0.37
159,1,0.39
159,2,0.13
159,4,0.12
160,0,0.21
160,4,0.24
161,0,0.30
161,1,0.43
161,2,0.15
161,4,0.54
162,0,0.48
162,1,0.24
162,2,0.55
162,4,0.16
163,0,0.06
163,3,0.01
163,4,0.47
164,1,0.02
165,0,0.34
165,4,0.22
166,0,0.52
166,1,0.02
166,3,0.46
166,4,0.14
167,0,0.17
167,1,0.23
167,2,0.52
167,3,0.22
168,0,0.56
168,1,0.59
168,3,0.47
168,4,0.22
169,0,0.46
169,1,0.24
169,2,0.58
169,3,0.38
169,4,0.19
170,0,0.53
170,2,0.22
170,4,0.15
171,2,0.01
171,3,0.44
171,4,0.07
172,0,0.58
172,1,0.19
172,2,0.35
172,3,0.59
173,0,0.36
173,1,0.40
173,2,0.20
173,4,0.27
174,0,0.55
174,3,0.29
175,0,0.19
175,2,0.57
176,2,0.42
176,3,0.56
176,4,0.26
177,0,0.14
177,1,0.28
177,2,0.01
177,3,0.56
178,1,0.41
178,2,0.19
178,3,0.08
179,0,0.39
179,1,0.31
179,2,0.06
179,3,0.40
179,4,0.09
180,0,0.29
180,1,0.16
181,4,0.44
182,0,0.02
182,1,0.13
183,0,0.31
183,2,0.54
183,3,0.58
183,4,0.53
184,0,0.26
184,1,0.38
184,4,0.15
185,0,0.45
185,2,0.08
186,0,0.42
186,2,0.09
186,3,0.52
186,4,0.10
187,0,0.32
187,1,0.48
187,2,0.22
187,3,0.31
187,4,0.46
188,0,0.59
188,1,0.57
188,3,0.22
188,4,0.53
189,3,0.03
189,4,0.02
190,0,0.22
190,1,0.04
190,2,0.16
190,3,0.07
190,4,0.08
191,1,0.44
191,3,0.27
193,1,0.48
193,2,0.33
194,2,0.46
194,4,0.56
195,0,0.33
195,1,0.01
195,2,0.37
196,1,0.04
196,3,0.09
196,4,0.39
197,3,0.19
197,4,0.39
198,2,0.54
198,3,0.35
198,4,0.17
199,1,0.29
199,2,0.09
199,3,0.07
200,0,0.32
200,2,0.04
200,3,0.30
200,4,0.20
201,4,0.50
202,0,0.02
202,3,0.18
202,4,0.05
203,0,0.50
203,1,0.57
203,4,0.10
204,0,0.52
204,2,0.52
204,3,0.14
204,4,0.39
205,0,0.23
205,1,0.23
205,3,0.04
205,4,0.39
206,0,0.17
206,1,0.27
206,2,0.02
206,3,0.01
207,2,0.20
207,3,0.07
208,0,0.04
208,1,0.13
208,3,0.47
208,4,0.31
209,0,0.55
209,2,0.20
209,4,0.16
210,0,0.52
210,1,0.44
210,2,0.02
210,4,0.26
211,0,0.51
211,1,0.13
212,1,0.59
212,2,0.53
212,3,0.37
212,4,0.38
213,2,0.20
213,3,0.34
213,4,0.33
214,2,0.10
214,3,0.57
214,4,0.34
215,1,0.34
215,2,0.20
216,0,0.42
216,2,0.43
216,3,0.54
216,4,0.52
217,0,0.31
217,1,0.03
217,3,0.38
217,4,0.22
218,0,0.47
218,2,0.22
219,0,0.33
219,1,0.25
219,2,0.04
219,3,0.31
219,4,0.34
220,0,0.25
220,1,0.40
220,2,0.44
220,3,0.01
220,4,0.51
221,0,0.39
221,1,0.39
221,2,0.09
221,3,0.08
221,4,0.53
222,1,0.41
222,3,0.23
223,2,0.30
223,4,0.37
224,0,0.15
224,3,0.51
225,0,0.25
225,2,0.31
226,3,0.55
227,0,0.52
227,1,0.08
227,2,0.14
227,3,0.35
228,1,0.52
228,2,0.24
229,0,0.19
229,1,0.55
229,2,0.16
229,3,0.38
230,0,0.54
230,2,0.27
230,4,0.55
231,4,0.57
232,0,0.34
232,1,0.10
232,4,0.07
233,1,0.52
233,3,0.44
233,4,0.01
234,0,0.31
234,1,0.19
234,2,0.08
234,3,0.14
235,0,0.27
235,1,0.13
235,2,0.54
235,4,0.24
236,0,0.27
236,4,0.01
237,0,0.27
237,4,0.11
238,4,0.12
239,0,0.37
239,1,0.28
239,2,0.36
239,4,0.01
240,1,0.24
240,2,0.41
240,3,0.42
241,1,0.40
241,2,0.01
241,4,0.18
242,0,0.07
242,2,0.53
243,0,0.04
243,2,0.01
243,3,0.55
243,4,0.31
244,0,0.58
244,1,0.01
244,2,0.30
244,4,0.49
245,4,0.20
246,0,0.18
246,1,0.43
246,4,0.07
247,0,0.55
247,1,0.08
247,3,0.02
247,4,0.56
248,0,0.20
248,1,0.45
248,2,0.20
248,3,0.25
248,4,0.34
249,0,0.58
249,2,0.24
249,4,0.16
250,0,0.45
250,1,0.51
250,4,0.14
251,0,0.10
251,1,0.12
251,4,0.52
252,0,0.40
252,1,0.26
252,4,0.09
253,2,0.57
253,4,0.41
254,0,0.42
254,1,0.45
254,2,0.54
254,4,0.12
255,2,0.29
256,0,0.34
257,4,0.22
258,1,0.40
258,2,0.05
258,3,0.26
259,0,0.42
259,2,0.10
259,3,0.44
260,0,0.25
260,1,0.55
260,3,0.51
260,4,0.49
261,0,0.20
261,1,0.27
261,2,0.12
262,0,0.45
262,1,0.27
262,2,0.48
262,3,0.04
263,0,0.37
263,2,0.10
263,4,0.14
264,1,0.02
264,2,0.23
264,3,0.46
264,4,0.21
265,0,0.37
265,3,0.30
265,4,0.16
266,0,0.56
266,1,0.15
266,2,0.31
266,3,0.16
266,4,0.16
267,0,0.44
267,3,0.44
267,4,0.28
268,0,0.21
268,1,0.01
269,0,0.12
269,2,0.10
269,4,0.55
270,0,0.54
270,3,0.18
271,2,0.37
271,3,0.26
271,4,0.11
272,1,0.44
272,2,0.18
272,3,0.49
273,0,0.47
273,4,0.46
274,1,0.41
274,2,0.45
274,3,0.33
274,4,0.40
275,0,0.32
275,1,0.59
275,2,0.21
275,4,0.30
276,1,0.35
276,2,0.43
276,3,0.51
277,0,0.37
277,4,0.52
278,0,0.20
278,1,0.47
278,2,0.53
278,3,0.31
278,4,0.58
279,0,0.44
279,1,0.50
279,2,0.12
280,0,0.25
280,2,0.36
280,3,0.43
281,1,0.47
281,2,0.15
281,3,0.49
281,4,0.25
282,0,0.10
282,1,0.09
282,2,0.19
282,3,0.58
283,3,0.48
284,1,0.46
284,3,0.50
285,1,0.08
285,4,0.53
286,1,0.47
286,2,0.04
286,3,0.38
286,4,0.37
287,0,0.13
287,1,0.57
287,2,0.27
287,3,0.05
288,0,0.49
288,1,0.40
288,2,0.46
288,3,0.39
289,2,0.30
289,4,0.36
290,2,0.45
290,3,0.28
291,0,0.13
291,1,0.14
291,2,0.19
292,0,0.58
292,1,0.45
292,2,0.54
292,3,0.26
293,1,0.35
293,2,0.58
293,3,0.54
293,4,0.10
294,0,0.35
294,2,0.38
294,4,0.05
295,0,0.16
295,1,0.09
295,3,0.57
295,4,0.16
296,1,0.20
296,2,0.35
296,3,0.55
297,0,0.05
297,1,0.40
297,2,0.06
298,0,0.52
298,2,0.37
298,3,0.09
298,4,0.34
299,0,0.49
299,1,0.40
299,3,0.28
300,0,0.21
300,1,0.08
300,3,0.29
300,4,0.46
301,1,0.27
301,2,0.29
301,4,0.34
302,0,0.01
302,1,0.09
302,2,0.01
302,3,0.04
302,4,0.08
303,0,0.52
303,1,0.19
303,2,0.39
303,3,0.50
303,4,0.33
304,0,0.19
304,3,0.26
305,0,0.40
305,1,0.49
305,3,0.19
306,0,0.55
306,2,0.43
306,3,0.37
306,4,0.30
307,0,0.18
307,4,0.25
308,0,0.25
308,1,0.43
308,4,0.51
309,0,0.06
309,2,0.46
310,0,0.36
310,3,0.59
310,4,0.22
311,0,0.21
311,2,0.42
311,3,0.44
311,4,0.49
312,2,0.15
312,4,0.09
313,1,0.19
313,3,0.07
313,4,0.16
314,1,0.13
314,2,0.43
314,4,0.08
315,0,0.44
315,2,0.38
316,0,0.41
316,4,0.59
317,0,0.10
317,3,0.25
318,1,0.44
318,3,0.26
318,4,0.29
319,0,0.26
319,1,0.18
319,2,0.28
319,3,0.35
319,4,0.53
320,0,0.43
320,3,0.37
320,4,0.46
321,1,0.25
321,3,0.11
321,4,0.30
322,1,0.49
322,2,0.50
322,4,0.40
323,0,0.28
323,4,0.31
324,1,0.41
324,3,0.42
324,4,0.33
325,0,0.05
325,1,0.49
325,2,0.54
326,0,0.22
326,1,0.12
326,4,0.34
327,1,0.50
327,2,0.31
327,4,0.45
328,1,0.54
328,4,0.35
329,4,0.43
330,1,0.15
330,2,0.26
330,3,0.57
331,0,0.10
331,2,0.06
331,3,0.34
331,4,0.21
332,1,0.04
332,2,0.03
332,3,0.33
332,4,0.52
333,0,0.06
333,4,0.43
334,0,0.26
334,1,0.18
334,2,0.04
334,3,0.59
334,4,0.32
335,0,0.46
336,0,0.13
336,2,0.30
337,0,0.30
337,2,0.12
337,3,0.57
337,4,0.56
338,0,0.29
338,1,0.22
339,1,0.14
339,3,0.54
340,0,0.34
340,1,0.47
340,3,0.12
340,4,0.26
341,0,0.18
341,1,0.25
341,2,0.32
341,4,0.45
342,0,0.57
342,1,0.46
342,2,0.22
343,0,0.32
343,1,0.03
343,2,0.43
343,4,0.48
344,1,0.04
344,2,0.38
344,3,0.59
345,0,0.54
345,3,0.37
346,2,0.30
346,4,0.34
347,1,0.33
347,3,0.10
348,0,0.43
348,1,0.12
348,2,0.27
348,4,0.05
349,0,0.05
349,1,0.24
349,2,0.41
349,3,0.03
349,4,0.05
350,0,0.13
350,1,0.39
350,2,0.20
350,3,0.03
350,4,0.45
351,0,0.12
351,2,0.59
351,4,0.14
352,1,0.49
352,4,0.11
353,0,0.40
353,1,0.46
353,2,0.53
353,3,0.52
354,2,0.54
354,3,0.13
354,4,0.16
355,1,0.35
355,3,0.03
356,1,0.24
356,2,0.03
356,3,0.12
356,4,0.37
357,2,0.04
357,3,0.04
358,0,0.19
358,1,0.46
358,4,0.17
359,0,0.55
359,2,0.33
359,4,0.20
360,3,0.17
361,0,0.42
361,3,0.25
362,0,0.29
362,1,0.14
362,3,0.24
362,4,0.18
363,2,0.36
364,0,0.51
364,1,0.49
364,2,0.47
364,3,0.22
365,0,0.14
365,2,0.13
366,0,0.47
366,1,0.26
366,2,0.46
366,3,0.47
367,2,0.40
367,3,0.15
367,4,0.15
368,0,0.23
368,1,0.14
368,2,0.08
368,3,0.21
368,4,0.37
369,0,0.26
369,3,0.02
369,4,0.52
370,2,0.37
370,3,0.37
371,0,0.17
371,1,0.08
371,3,0.50
371,4,0.29
372,0,0.30
372,1,0.50
372,3,0.29
372,4,0.43
373,0,0.31
373,1,0.17
373,2,0.19
373,3,0.22
373,4,0.07
374,3,0.04
375,0,0.04
375,1,0.52
375,2,0.36
376,0,0.22
376,1,0.43
376,2,0.26
376,3,0.33
376,4,0.47
377,1,0.54
377,2,0.41
378,1,0.41
378,2,0.30
378,3,0.22
378,4,0.21
379,0,0.30
379,1,0.04
379,3,0.59
379,4,0.01
380,0,0.05
380,1,0.28
380,4,0.53
381,1,0.09
381,4,0.52
382,0,0.12
382,1,0.01
382,2,0.39
382,3,0.35
382,4,0.08
383,0,0.04
383,1,0.05
383,4,0.29
384,0,0.21
384,2,0.08
384,3,0.01
384,4,0.12
385,0,0.58
386,0,0.57
386,2,0.33
386,4,0.34
387,0,0.47
387,2,0.34
387,3,0.08
387,4,0.34
388,1,0.41
388,3,0.35
389,0,0.43
389,2,0.57
389,4,0.17
390,2,0.12
390,3,0.16
392,0,0.29
392,2,0.05
392,3,0.51
393,0,0.20
393,1,0.49
393,3,0.01
393,4,0.41
394,1,0.37
394,2,0.16
394,3,0.32
395,0,0.18
395,3,0.18
395,4,0.59
396,1,0.43
396,2,0.12
396,3,0.05
397,0,0.59
397,1,0.55
397,2,0.20
397,4,0.21
398,0,0.17
399,1,0.03
399,2,0.15
399,3,0.06
399,4,0.01
400,0,0.09
400,1,0.20
400,2,0.03
400,3,0.10
400,4,0.35
401,1,0.08
401,2,0.19
401,3,0.02
402,0,0.21
402,1,0.59
402,2,0.49
402,3,0.13
402,4,0.53
403,1,0.33
403,3,0.17
403,4,0.48
404,2,0.11
405,1,0.43
405,3,0.17
406,1,0.23
406,3,0.15
406,4,0.49
407,0,0.31
407,3,0.25
408,2,0.19
408,4,0.19
409,0,0.09
409,2,0.54
409,3,0.56
410,0,0.27
410,1,0.08
410,2,0.07
410,3,0.14
411,0,0.04
411,2,0.39
411,4,0.53
412,2,0.42
412,3,0.45
412,4,0.57
413,0,0.23
413,1,0.03
413,3,0.55
413,4,0.23
414,0,0.39
414,1,0.11
414,2,0.30
414,3,0.03
414,4,0.02
415,0,0.34
415,1,0.17
415,2,0.53
415,3,0.51
415,4,0.11
416,0,0.21
416,3,0.15
417,0,0.55
417,1,0.27
417,3,0.25
417,4,0.01
418,0,0.59
418,1,0.49
418,2,0.47
419,0,0.59
419,1,0.16
419,3,0.17
420,1,0.17
421,0,0.26
421,2,0.23
422,0,0.20
422,1,0.29
422,3,0.30
422,4,0.20
423,0,0.19
423,4,0.10
424,0,0.59
424,3,0.02
424,4,0.23
425,2,0.34
425,3,0.08
426,0,0.08
426,1,0.15
426,2,0.24
427,1,0.45
427,4,0.33
428,0,0.31
428,1,0.53
428,4,0.12
429,1,0.07
429,3,0.23
430,0,0.17
430,1,0.31
430,2,0.23
430,3,0.16
430,4,0.50
431,2,0.28
432,1,0.35
432,2,0.37
433,2,0.21
434,1,0.54
434,4,0.20
435,0,0.16
435,2,0.25
436,4,0.01
437,0,0.57
437,1,0.33
437,3,0.55
437,4,0.50
438,1,0.39
438,3,0.09
438,4,0.06
439,0,0.47
439,1,0.25
439,2,0.24
439,3,0.18
439,4,0.14
440,3,0.26
440,4,0.06
441,0,0.22
441,1,0.08
441,3,0.52
441,4,0.06
442,0,0.08
442,2,0.19
442,3,0.04
442,4,0.30
443,1,0.05
443,4,0.39
444,1,0.56
444,3,0.15
444,4,0.57
445,0,0.15
445,1,0.10
445,2,0.09
445,3,0.05
446,0,0.21
446,3,0.41
446,4,0.40
447,0,0.44
447,2,0.10
448,0,0.38
448,1,0.55
448,2,0.12
448,3,0.08
449,2,0.05
450,0,0.54
450,1,0.19
450,2,0.23
450,4,0.30
451,0,0.02
451,1,0.01
451,2,0.59
451,3,0.04
451,4,0.42
452,2,0.01
452,3,0.06
453,1,0.47
453,2,0.05
454,4,0.41
455,1,0.32
455,3,0.56
456,0,0.04
456,1,0.28
456,3,0.57
456,4,0.29
457,0,0.06
457,1,0.08
457,2,0.44
457,3,0.40
457,4,0.37
458,1,0.03
458,3,0.06
459,0,0.13
459,1,0.54
459,3,0.15
459,4,0.54
460,1,0.08
460,2,0.37
460,3,0.48
460,4,0.42
461,4,0.26
462,0,0.54
462,1,0.02
463,1,0.05
463,2,0.32
463,4,0.02
464,0,0.42
464,1,0.13
464,2,0.31
464,3,0.32
464,4,0.01
465,0,0.42
465,1,0.36
465,2,0.34
465,3,0.21
466,1,0.08
466,2,0.08
466,3,0.15
467,0,0.48
468,0,0.10
468,2,0.24
468,4,0.29
469,0,0.43
469,1,0.47
469,2,0.54
469,3,0.14
470,0,0.38
470,1,0.07
470,2,0.50
470,3,0.19
470,4,0.55
471,0,0.16
471,3,0.44
471,4,0.45
472,2,0.29
472,3,0.30
472,4,0.44
473,0,0.04
473,1,0.08
473,2,0.48
473,4,0.36
474,0,0.29
474,1,0.48
474,2,0.25
474,3,0.18
474,4,0.07
475,2,0.47
475,3,0.07
475,4,0.13
476,0,0.35
476,2,0.23
476,3,0.07
477,2,0.44
477,3,0.46
477,4,0.33
478,0,0.52
478,2,0.14
479,0,0.56
479,1,0.10
479,2,0.22
479,3,0.24
479,4,0.23
480,0,0.44
480,1,0.16
480,3,0.42
481,0,0.05
481,1,0.15
481,3,0.01
481,4,0.51
482,2,0.48
482,4,0.32
483,0,0.54
483,1,0.47
483,2,0.39
483,4,0.34
484,1,0.55
484,3,0.19
484,4,0.40
485,0,0.56
485,1,0.29
485,2,0.42
485,4,0.08
486,2,0.27
486,3,0.44
487,1,0.21
487,2,0.14
487,4,0.53
488,0,0.51
488,1,0.22
488,3,0.41
488,4,0.40
489,0,0.31
489,1,0.20
489,2,0.31
489,3,0.01
489,4,0.37
490,0,0.33
491,1,0.57
491,2,0.55
491,3,0.30
491,4,0.55
492,0,0.30
492,2,0.27
492,4,0.56
493,3,0.52
493,4,0.49
494,1,0.11
494,2,0.31
494,4,0.02
495,1,0.27
495,4,0.59
496,4,0.14
497,0,0.07
497,1,0.19
497,2,0.19
497,4,0.57
498,3,0.16
499,0,0.57
499,1,0.28
500,0,0.06
500,3,0.56
500,4,0.58
501,0,0.36
501,3,0.01
501,4,0.43
502,0,0.22
502,1,0.14
502,3,0.22
503,0,0.27
503,2,0.29
504,0,0.17
505,0,0.03
505,1,0.40
505,2,0.34
505,3,0.11
505,4,0.43
506,0,0.09
506,1,0.13
506,3,0.58
507,2,0.56
507,3,0.49
507,4,0.47
508,1,0.25
508,2,0.33
508,3,0.36
508,4,0.48
509,0,0.31
510,2,0.29
510,3,0.09
511,0,0.16
511,1,0.36
511,2,0.07
511,3,0.32
511,4,0.19
512,0,0.06
512,1,0.54
512,2,0.22
512,3,0.05
512,4,0.42
513,2,0.22
513,3,0.14
514,2,0.24
515,0,0.58
515,1,0.20
515,4,0.40
516,2,0.10
517,0,0.44
517,1,0.42
517,2,0.01
518,1,0.54
518,2,0.45
519,3,0.04
519,4,0.20
520,1,0.44
520,2,0.08
520,3,0.36
520,4,0.21
521,4,0.46
522,0,0.54
522,1,0.59
522,3,0.45
523,0,0.11
523,1,0.54
523,4,0.31
524,0,0.13
524,4,0.34
525,0,0.50
525,2,0.51
526,0,0.41
526,1,0.13
526,3,0.57
527,1,0.02
527,2,0.03
527,3,0.29
528,1,0.58
528,2,0.52
528,4,0.20
529,0,0.23
529,1,0.56
529,2,0.52
529,4,0.57
530,0,0.31
530,2,0.04
530,4,0.56
531,1,0.51
532,0,0.10
532,1,0.14
532,2,0.29
532,4,0.46
533,0,0.01
533,1,0.57
533,2,0.59
533,4,0.29
534,1,0.31
534,2,0.28
534,3,0.14
534,4,0.42
535,0,0.33
535,1,0.53
535,2,0.04
535,3,0.08
536,3,0.48
537,1,0.50
537,4,0.08
538,0,0.52
538,1,0.08
538,4,0.19
539,0,0.19
539,2,0.56
539,4,0.58
540,0,0.54
540,1,0.51
540,2,0.49
540,4,0.33
541,0,0.43
541,1,0.22
541,3,0.17
542,0,0.58
542,2,0.59
542,3,0.51
542,4,0.36
543,0,0.49
543,3,0.29
543,4,0.33
544,0,0.08
544,1,0.29
544,2,0.16
544,4,0.14
545,0,0.47
545,1,0.15
545,4,0.29
546,0,0.41
546,2,0.57
546,3,0.56
547,0,0.26
547,1,0.07
547,2,0.10
548,0,0.48
548,1,0.47
548,4,0.22
549,0,0.24
549,1,0.54
549,3,0.14
550,1,0.17
550,2,0.09
550,3,0.26
550,4,0.24
551,1,0.58
551,2,0.31
551,3,0.17
551,4,0.37
552,0,0.21
552,1,0.54
552,2,0.14
552,3,0.30
552,4,0.16
553,0,0.07
553,1,0.45
553,2,0.49
553,3,0.31
554,0,0.38
554,1,0.52
554,2,0.25
554,3,0.37
554,4,0.01
555,3,0.49
556,1,0.50
556,2,0.35
556,3,0.04
557,1,0.51
557,2,0.25
558,0,0.17
558,4,0.51
559,2,0.52
559,3,0.38
559,4,0.39
560,0,0.14
560,3,0.12
561,0,0.03
561,1,0.04
561,2,0.14
561,3,0.18
562,0,0.11
562,1,0.21
563,0,0.21
563,3,0.13
563,4,0.35
564,1,0.13
565,1,0.26
566,0,0.36
566,1,0.46
566,2,0.46
566,3,0.52
566,4,0.03
567,1,0.05
567,2,0.12
567,3,0.44
568,0,0.03
568,1,0.04
568,2,0.29
568,3,0.41
568,4,0.46
569,1,0.45
569,4,0.13
570,0,0.25
570,3,0.22
570,4,0.20
571,0,0.06
571,1,0.14
571,2,0.20
571,3,0.42
571,4,0.15
572,0,0.52
572,1,0.10
572,2,0.16
572,4,0.41
573,0,0.06
573,3,0.25
574,2,0.51
575,0,0.19
577,3,0.24
578,1,0.23
578,2,0.07
579,0,0.41
579,2,0.54
579,3,0.39
581,0,0.18
581,1,0.51
581,2,0.53
582,0,0.05
582,1,0.40
582,2,0.35
582,3,0.42
582,4,0.24
583,0,0.24
583,1,0.59
583,2,0.34
583,3,0.06
583,4,0.42
584,0,0.13
584,1,0.29
584,2,0.54
584,3,0.57
584,4,0.41
585,1,0.04
585,2,0.58
585,3,0.13
586,0,0.43
586,4,0.26
587,2,0.42
587,3,0.48
588,0,0.32
588,1,0.11
588,3,0.22
588,4,0.23
589,0,0.40
589,1,0.18
589,2,0.28
589,4,0.50
590,2,0.07
590,3,0.34
590,4,0.50
591,0,0.20
591,1,0.12
591,2,0.58
592,0,0.56
592,2,0.25
592,4,0.30
593,0,0.16
593,3,0.33
593,4,0.46
594,3,0.32
594,4,0.02
595,1,0.55
595,3,0.34
595,4,0.40
596,1,0.48
596,3,0.52
597,1,0.54
597,2,0.11
597,3,0.32
598,0,0.44
598,1,0.51
598,2,0.59
599,0,0.19
599,1,0.21
599,2,0.16
599,4,0.09
600,0,0.55
600,3,0.06
600,4,0.50
601,1,0.12
601,2,0.58
601,4,0.05
602,0,0.43
602,1,0.55
602,3,0.15
602,4,0.44
603,1,0.04
603,2,0.28
604,0,0.10
604,1,0.06
604,4,0.41
605,2,0.47
605,4,0.30
606,0,0.32
606,2,0.19
606,3,0.01
606,4,0.34
607,0,0.12
607,2,0.23
607,3,0.24
608,0,0.03
608,1,0.36
609,0,0.29
609,2,0.25
609,3,0.25
609,4,0.10
610,0,0.24
610,1,0.23
610,2,0.08
610,4,0.56
611,0,0.33
611,2,0.11
612,0,0.18
612,1,0.30
612,2,0.14
612,3,0.25
612,4,0.56
613,1,0.56
613,4,0.45
614,0,0.40
614,1,0.30
614,2,0.42
614,4,0.57
615,0,0.07
615,4,0.20
616,3,0.43
616,4,0.52
617,0,0.23
617,1,0.52
617,3,0.17
617,4,0.44
618,3,0.22
618,4,0.05
619,1,0.50
619,2,0.13
619,4,0.32
620,0,0.28
620,1,0.53
620,2,0.32
620,3,0.38
620,4,0.52
621,2,0.01
621,3,0.47
622,2,0.39
622,3,0.12
623,2,0.01
623,3,0.52
623,4,0.33
624,0,0.39
624,4,0.16
625,2,0.51
625,3,0.26
625,4,0.17
626,0,0.26
626,2,0.41
626,3,0.55
626,4,0.43
627,0,0.02
627,2,0.53
627,3,0.06
627,4,0.56
628,0,0.04
628,2,0.54
629,0,0.15
629,3,0.12
630,1,0.57
630,2,0.14
630,4,0.22
631,0,0.33
631,3,0.21
632,0,0.14
632,1,0.41
632,2,0.54
632,4,0.46
633,0,0.03
634,1,0.26
634,3,0.46
634,4,0.55
635,1,0.38
635,2,0.30
636,0,0.50
636,2,0.41
636,3,0.44
636,4,0.12
637,1,0.08
637,2,0.30
637,4,0.56
638,0,0.49
638,2,0.55
639,0,0.46
639,1,0.09
641,0,0.01
641,1,0.59
641,2,0.12
641,4,0.42
642,1,0.56
642,2,0.30
643,2,0.02
643,4,0.29
644,1,0.59
644,2,0.18
644,3,0.14
645,1,0.53
645,4,0.38
646,1,0.50
646,2,0.29
646,3,0.54
647,1,0.35
647,2,0.53
647,4,0.05
648,1,0.03
648,2,0.25
648,4,0.25
649,0,0.05
649,1,0.09
649,2,0.44
649,3,0.53
650,0,0.43
650,1,0.36
650,2,0.51
650,3,0.39
650,4,0.24
651,1,0.34
651,2,0.59
651,3,0.38
652,1,0.21
653,0,0.50
653,1,0.51
653,3,0.25
654,0,0.10
654,1,0.14
655,0,0.15
655,2,0.08
655,4,0.16
656,2,0.04
656,4,0.57
657,1,0.11
657,2,0.26
657,4,0.01
658,0,0.28
658,1,0.26
658,2,0.41
658,4,0.18
659,1,0.21
659,2,0.43
659,3,0.24
659,4,0.09
660,0,0.40
660,2,0.28
661,2,0.02
661,4,0.53
662,1,0.02
662,2,0.46
663,1,0.02
663,2,0.23
663,3,0.08
664,0,0.30
664,1,0.23
664,3,0.56
665,0,0.15
665,1,0.21
665,2,0.06
665,3,0.22
665,4,0.09
666,0,0.57
666,1,0.26
666,2,0.25
667,0,0.41
667,1,0.39
667,2,0.13
667,3,0.23
668,2,0.50
668,3,0.55
669,4,0.02
670,0,0.07
670,2,0.07
670,3,0.28
670,4,0.27
671,0,0.26
671,1,0.18
671,2,0.35
671,3,0.55
671,4,0.55
672,0,0.11
672,3,0.16
672,4,0.17
673,0,0.34
673,4,0.52
674,1,0.49
674,2,0.06
674,3,0.27
674,4,0.16
675,2,0.01
676,0,0.43
676,1,0.19
676,2,0.40
676,3,0.24
676,4,0.10
677,0,0.21
677,2,0.09
678,3,0.14
678,4,0.09
679,1,0.36
679,2,0.11
680,0,0.37
680,2,0.37
680,4,0.33
681,1,0.45
681,3,0.18
681,4,0.31
682,0,0.36
682,3,0.33
683,0,0.46
683,1,0.54
683,2,0.11
684,0,0.29
684,2,0.06
684,3,0.54
684,4,0.39
685,1,0.57
685,2,0.41
685,3,0.48
686,1,0.31
686,2,0.45
686,4,0.52
687,0,0.47
687,1,0.41
688,0,0.39
688,2,0.57
689,2,0.44
689,3,0.09
689,4,0.06
690,2,0.30
690,4,0.36
691,0,0.08
691,1,0.52
691,2,0.51
691,4,0.32
692,0,0.04
692,1,0.47
692,2,0.48
692,4,0.06
693,2,0.29
693,4,0.35
694,0,0.50
694,1,0.58
694,3,0.36
694,4,0.53
695,0,0.51
695,1,0.10
695,2,0.50
695,3,0.03
695,4,0.12
696,0,0.28
696,4,0.46
697,0,0.20
697,1,0.28
697,2,0.29
697,3,0.19
698,0,0.22
698,3,0.33
698,4,0.15
699,0,0.09
699,1,0.41
699,3,0.31
699,4,0.18
700,1,0.59
700,3,0.22
701,1,0.06
701,3,0.14
701,4,0.58
702,0,0.50
702,1,0.18
702,2,0.07
703,0,0.13
703,1,0.54
703,3,0.32
704,0,0.31
704,3,0.11
705,0,0.10
705,1,0.09
705,3,0.03
705,4,0.54
706,0,0.03
706,1,0.38
706,2,0.25
707,0,0.54
707,1,0.15
707,2,0.17
708,1,0.07
708,2,0.38
709,0,0.59
709,2,0.08
709,3,0.52
709,4,0.49
710,0,0.38
710,2,0.34
710,3,0.30
711,1,0.47
711,3,0.24
711,4,0.58
712,0,0.52
712,2,0.13
712,3,0.26
712,4,0.15
713,1,0.45
713,2,0.22
713,3,0.41
714,0,0.16
714,1,0.54
714,2,0.54
714,4,0.05
715,0,0.42
715,1,0.49
715,2,0.55
715,3,0.51
715,4,0.32
716,1,0.39
716,2,0.07
716,3,0.04
716,4,0.49
717,0,0.16
717,1,0.52
717,2,0.07
717,3,0.37
717,4,0.21
718,0,0.43
718,1,0.59
718,2,0.02
718,3,0.22
718,4,0.52
719,0,0.18
719,3,0.32
719,4,0.50
720,1,0.44
720,2,0.02
720,3,0.10
720,4,0.22
721,0,0.50
721,1,0.19
722,0,0.36
722,1,0.16
722,2,0.22
722,3,0.32
722,4,0.31
723,0,0.02
723,1,0.30
723,2,0.25
723,4,0.23
724,0,0.16
724,1,0.54
724,2,0.36
724,3,0.45
724,4,0.57
725,0,0.35
725,1,0.20
725,3,0.56
726,1,0.44
726,2,0.10
726,3,0.25
726,4,0.11
727,0,0.01
727,1,0.44
727,3,0.06
728,0,0.12
728,2,0.57
728,4,0.03
729,0,0.10
729,1,0.56
729,3,0.32
729,4,0.26
730,0,0.56
730,1,0.15
730,2,0.13
730,3,0.20
731,1,0.07
731,3,0.49
731,4,0.16
732,1,0.11
732,2,0.09
732,4,0.49
733,0,0.06
733,2,0.06
733,3,0.02
733,4,0.13
734,0,0.51
734,3,0.41
734,4,0.28
736,0,0.23
736,3,0.24
736,4,0.17
737,0,0.44
737,2,0.18
737,3,0.37
737,4,0.06
738,1,0.59
738,4,0.51
739,2,0.09
739,3,0.29
739,4,0.47
740,0,0.45
740,1,0.49
740,3,0.04
740,4,0.49
741,0,0.29
741,2,0.42
741,4,0.31
742,0,0.31
742,1,0.33
742,2,0.23
742,4,0.52
743,0,0.06
743,2,0.21
743,3,0.56
743,4,0.38
744,1,0.54
744,3,0.04
744,4,0.41
745,1,0.21
745,3,0.30
746,1,0.22
746,4,0.04
747,1,0.04
748,0,0.16
748,1,0.16
748,3,0.42
748,4,0.15
749,0,0.35
749,1,0.05
750,0,0.44
750,2,0.24
750,3,0.42
750,4,0.33
751,1,0.22
751,3,0.31
752,0,0.52
752,1,0.34
752,3,0.42
753,0,0.43
753,1,0.45
753,3,0.41
753,4,0.49
754,1,0.49
754,3,0.27
755,0,0.06
755,2,0.29
756,0,0.17
756,1,0.33
756,2,0.18
756,3,0.29
756,4,0.56
757,0,0.44
757,2,0.22
757,3,0.23
758,0,0.13
758,2,0.18
758,3,0.04
759,0,0.01
759,1,0.25
759,3,0.17
760,0,0.57
760,1,0.07
760,4,0.25
761,1,0.17
761,2,0.20
761,4,0.29
762,0,0.05
762,1,0.58
762,2,0.42
763,2,0.41
763,4,0.53
764,0,0.45
764,1,0.29
764,2,0.47
765,0,0.14
765,2,0.01
766,0,0.42
766,2,0.58
766,3,0.21
766,4,0.23
767,3,0.21
768,0,0.34
768,2,0.18
768,3,0.26
768,4,0.28
769,3,0.47
769,4,0.56
770,1,0.14
770,3,0.43
770,4,0.19
771,2,0.58
771,3,0.20
772,0,0.03
772,1,0.32
772,2,0.13
772,3,0.45
773,0,0.15
773,2,0.20
774,2,0.22
774,3,0.21
774,4,0.46
775,1,0.41
775,2,0.20
775,3,0.38
775,4,0.28
776,0,0.45
776,1,0.14
776,2,0.28
776,3,0.39
776,4,0.08
777,0,0.33
777,2,0.34
777,3,0.33
778,0,0.09
778,1,0.42
779,1,0.24
779,2,0.18
779,3,0.24
779,4,0.49
780,0,0.21
780,2,0.09
780,3,0.11
781,0,0.48
781,2,0.24
781,3,0.27
782,2,0.27
783,0,0.27
783,1,0.37
783,2,0.17
783,3,0.42
783,4,0.21
785,0,0.08
785,1,0.26
785,2,0.16
785,3,0.54
785,4,0.44
786,0,0.57
786,2,0.59
786,4,0.20
787,0,0.04
787,1,0.45
788,0,0.30
788,1,0.02
788,3,0.22
788,4,0.34
789,2,0.04
789,3,0.40
789,4,0.44
790,0,0.46
790,1,0.16
790,3,0.26
791,0,0.20
791,1,0.12
791,4,0.41
792,1,0.32
792,4,0.41
793,1,0.36
793,3,0.07
793,4,0.19
794,0,0.59
794,1,0.29
794,3,0.38
795,0,0.41
795,1,0.01
795,3,0.21
795,4,0.32
796,0,0.50
796,2,0.52
796,3,0.18
797,2,0.32
797,3,0.43
797,4,0.26
798,1,0.26
798,2,0.35
798,3,0.45
798,4,0.12
799,1,0.56
799,2,0.08
799,4,0.20
